 0.00252077   0.0155078  0.00868246
  0.0101665  0.00754122   0.0108512
 0.00650489   0.0152676  0.00851246
 0.00849308   0.0103301   0.0289791
  0.0113344  0.00550413  0.00211619
  0.0080414   0.0090188  0.00159355
  0.0134047  0.00895516 0.000457249
 0.00784137   0.0226384  0.00095762
  0.0136611   0.0260594  0.00683055
  0.0111637  0.00240313  0.00371914
 0.00530052   0.0197152  0.00769165
 0.00558855  0.00390321   0.0058897
  0.0241405  0.00771268  0.00175392
 0.00939448  0.00931321   0.0111878
 0.00461358   0.0048452  0.00982502
  0.0148338   0.0115492  0.00243605
  0.0171791    0.015293  0.00600015
  0.0104925   0.0116093   0.0126053
  0.0056052  0.00583234   0.0130905
 0.00548263  0.00311979   0.0149974
 0.00591965 0.000794342   0.0206257
0.000143446 0.000251915  0.00357483
  0.0104132  0.00311794  0.00805338
  0.0060048  0.00377859   0.0140633
  0.0133159   0.0111726 0.000286835
 0.00626032  0.00212842  0.00863762
 0.00760694  0.00432479  0.00255992
 0.00700829    0.011022  0.00998769
 0.00556145   0.0139596   0.0108469
  0.0101698  0.00311253  0.00881185
  0.0109669  0.00563545   0.0113221
 0.00419088  0.00209264   0.0156137
 0.00432349  0.00925755   0.0286855
 0.00178783   0.0165793 0.000808379
0.000696574   0.0095409   0.0193622
  0.0167461  0.00753256  0.00670484
  0.0162841  0.00282642  0.00568808
 0.00777359   0.0146003  0.00503472
  0.0211103           0  0.00119318
 0.00589256  0.00128209  0.00487808
   0.012768   0.0178556   0.0183016
   0.015242  0.00306843  0.00942593
  0.0280677  0.00226807  0.00572167
  0.0257089 0.000262079  0.00671294
  0.0112743    0.012612  0.00454056
 0.00303542   0.0132259  0.00539214
7.50746e-05   0.0235247  0.00544426
 0.00485468  0.00132362 0.000463737
  0.0179369  0.00439186   0.0170561
  0.0148393   0.0236094  0.00293934
  0.0092808  0.00377827    0.012464
  0.0117157  0.00266704  0.00725188
  0.0060914   0.0146047  0.00205762
 0.00993885    0.000948  0.00823314
 0.00694092   0.0235232  0.00923203
 0.00651876  0.00406297   0.0121497
 0.00457122   0.0191592  0.00866695
 0.00430119  0.00928628   0.0105349
 0.00788268   0.0327481   0.0187468
  0.0192773   0.0150469   0.0161156
  0.0012536  0.00770004  0.00184736
 0.00168292   0.0287898   0.0100855
0.000470185  0.00125597  0.00306602
 0.00982584  0.00862041  0.00241932
  0.0125944   0.0012471  0.00723712
   0.011543   0.0061831   0.0279305
  0.0141696  0.00821176   0.0211526
 0.00492644  0.00633372   0.0105433
 0.00501889  0.00493431   0.0229668
 0.00995623  0.00922801   0.0226279
  0.0106216  0.00424822   0.0124288
  0.0054025   0.0080339   0.0131959
 0.00203085   0.0167018  0.00649458
  0.0100093  0.00334452 0.000416398
   0.006081   0.0105263  0.00874832
 0.00960193  0.00533382   0.0161222
 0.00829676  0.00588191  0.00740011
  0.0192049  0.00921927  0.00174729
  0.0105229   0.0184433  0.00797292
  0.0143588  0.00915712  0.00983343
 0.00358742   0.0181371   0.0185769
  0.0114886   0.0190475  0.00515752
 0.00010845  0.00849108  0.00502041
  0.0169213   0.0126215   0.0325385
 0.00723511   0.0208793   0.0158018
 0.00412879   0.0158445   0.0141193
  0.0017645  0.00600932     0.01463
 0.00400299   0.0188144  0.00813494
  0.0205086   0.0108324   0.0183512
 0.00558041  0.00834109   0.0106334
  0.0358252  0.00442669 0.000593894
 0.00683977  0.00362978   0.0078005
  0.0122895  0.00941271   0.0209407
  0.0185391   0.0120148   0.0181179
  0.0172968   0.0242831   0.0046784
 0.00608814   0.0136286   0.0150189
  0.0197325   0.0174737    0.020426
 0.00651506    0.016815   0.0049737
  0.0349112  0.00364454   0.0155852
  0.0208049   0.0151635  0.00829785
